# Thomas Foulds (tcf9bj)
# Amanda Ray    (ajr2fu)
# Sami Fekadu   (sf5fw)
# CS4414
# Assignment 6
# BLOCKS

1
2
10
17
18
26
28
34
35
38
41
42
49
52
55
69
70
75
76
80
90
97
98
105
107
117
123
128
134
136
140
143
164
169
171
174
184
186
195
197
200
201
215
220
222
226
231
236
248
259
267
279
290
308
314
317
318
325
326
328
330
331
332
341
342
348
353
356
357
358
367
372
375
390
399
400
403
407
412
413
414
418
425
427
429
430
442
444
445
446
447
452
453
454
461
465
466
468
478
480
489
490
498
499
507
519
522
525
527
528
535
544
545
566
578
582
586
588
595
605
609
620
621
626
630
637
645
646
660
662
664
668
670
671
674
678
679
680
683
688
702
703
709
714
730
735
742
747
749
752
755
757
762
774
777
784
786
793
801
817
823
829
830
833
834
847
848
856
869
878
882
884
893
899
910
911
912
916
917
924
926
927
933
934
935
943
945
949
960
961
962
966
976
995
999
1000
1007
1008
1012
1018
1023
1027
1028
1040
1044
1049
1052
1055
1056
1071
1079
1088
1089
1103
1106
1107
1114
1116
1128
1141
1143
1154
1165
1171
1184
1188
1193
1195
1216
1235
1245
1249
1256
1257
1264
1265
1269
1273
1274
1290
1291
1303
1309
1315
1322
1327
1335
1339
1342
1344
1350
1355
1359
1362
1379
1383
1391
1395
1399
1423
1424
1443
1444
1445
1447
1452
1475
1483
1485
1490
1496
1497
1501
1518
1519
1522
1527
1531
1536
1547
1563
1578
1586
1593
1594
1600
1605
1613
1622
1625
1627
1631
1633
1638
1651
1654
1660
1661
1666
1673
1676
1677
1679
1680
1696
1711
1716
1720
1731
1734
1735
1765
1780
1784
1786
1790
1800
1809
1813
1822
1824
1828
1839
1845
1849
1857
1858
1860
1861
1865
1875
1878
1884
1895
1897
1898
1901
1914
1915
1917
1920
1921
1923
1924
1926
1937
1943
1945
1946
1948
1951
1962
1963
1973
1975
1978
1979
1984
2005
2006
2010
2036
2040
2049
2052
2056
2061
2064
2070
2079
2081
2085
2092
2103
2105
2106
2107
2112
2113
2117
2125
2126
2129
2139
2145
2156
2162
2165
2174
2181
2183
2184
2185
2188
2189
2202
2218
2219
2226
2249
2254
2261
2263
2273
2285
2286
2287
2294
2297
2299
2302
2305
2313
2314
2315
2330
2332
2334
2340
2345
2354
2358
2365
2369
2377
2381
2394
2395
2399
2404
2408
2416
2430
2433
2434
2437
2442
2451
2462
2465
2483
2493
2499
2500
2501
2512
2515
2520
2521
2525
2538
2539
2542
2546
2547
2564
2569
2570
2572
2575
2598
2609
2610
2620
2624
2632
2635
2638
2642
2646
2647
2650
2657
2659
2662
2670
2675
2677
2684
2685
2695
2700
2722
2723
2733
2740
2742
2743
2750
2752
2756
2757
2763
2785
2793
2798
2799
2800
2803
2812
2824
2827
2856
2862
2875
2876
2881
2884
2890
2901
2919
2922
2924
2927
2931
2940
2941
2948
2956
2959
2968
2988
2991
2997
3006
3009
3013
3023
3030
3031
3037
3043
3045
3047
3048
3051
3052
3057
3059
3062
3066
3074
3075
3076
3084
3092
3106
3107
3132
3147
3153
3160
3162
3175
3184
3185
3189
3190
3191
3192
3197
3198
3201
3202
3205
3212
3215
3217
3225
3226
3230
3233
3238
3241
3244
3251
3263
3265
3272
3277
3279
3287
3307
3314
3318
3342
3347
3348
3355
3361
3374
3383
3385
3400
3401
3405
3412
3418
3433
3435
3436
3442
3451
3458
3468
3470
3471
3514
3567
3568
3575
3585
3588
3595
3605
3606
3616
3620
3630
3631
3653
3662
3665
3667
3671
3681
3702
3706
3709
3724
3725
3732
3736
3739
3740
3758
3759
3762
3768
3771
3774
3779
3784
3788
3799
3806
3814
3825
3826
3828
3832
3845
3849
3861
3865
3873
3876
3877
3879
3880
3886
3892
3894
3895
3900
3907
3910
3911
3917
3929
3946
3950
3962
3966
3967
3971
3976
3985
3986
3989
4004
4018
4023
4031
4041
4043
4051
4058
4062
4064
4074
4077
4078
4105
4109
4116
4123
4124
4146
4151
4155
4156
4158
4159
4179
4188
4189
4190
4206
4208
4210
4213
4214
4217
4226
4235
4238
4247
4257
4258
4262
4279
4284
4299
4301
4303
4317
4318
4322
4338
4345
4347
4349
4351
4365
4368
4376
4387
4388
4401
4406
4412
4414
4418
4428
4433
4439
4444
4448
4452
4453
4454
4457
4462
4469
4477
4478
4481
4484
4488
4497
4499
4509
4512
4527
4535
4544
4549
4557
4562
4571
4573
4578
4582
4584
4592
4599
4600
4604
4608
4612
4617
4620
4632
4640
4650
4653
4654
4657
4664
4666
4667
4675
4677
4686
4687
4698
4704
4710
4726
4732
4738
4740
4745
4752
4753
4754
4774
4775
4776
4795
4800
4801
4806
4810
4815
4824
4828
4829
4839
4840
4841
4847
4849
4850
4851
4852
4876
4877
4879
4883
4900
4906
4912
4923
4924
4925
4930
4936
4937
4944
4945
4950
4955
4957
4961
4969
4971
4972
4977
4989
5009
5012
5034
5035
5037
5043
5055
5057
5063
5068
5069
5074
5075
5076
5078
5087
5091
5092
5096
5110
5120
5137
5139
5147
5148
5149
5178
5179
5185
5187
5189
5195
5200
5222
5244
5245
5250
5253
5258
5264
5279
5285
5306
5307
5308
5313
5314
5315
5316
5328
5333
5335
5336
5337
5338
5349
5351
5354
5357
5374
5389
5396
5401
5406
5410
5440
5444
5449
5450
5465
5483
5484
5487
5494
5503
5510
5515
5518
5519
5521
5523
5525
5535
5536
5542
5545
5551
5552
5557
5558
5567
5573
5574
5583
5587
5590
5594
5597
5618
5632
5633
5637
5639
5643
5651
5672
5673
5689
5694
5701
5702
5704
5720
5731
5733
5746
5752
5755
5757
5774
5784
5787
5795
5801
5802
5806
5809
5812
5813
5835
5838
5859
5873
5875
5876
5877
5891
5894
5895
5903
5914
5923
5924
5929
5940
5943
5950
5953
5963
5966
5970
5980
5984
5993
5994
6017
6019
6023
6029
6032
6039
6042
6044
6045
6053
6059
6060
6073
6075
6083
6087
6090
6091
6103
6109
6120
6129
6130
6132
6133
6141
6144
6146
6147
6151
6152
6153
6170
6172
6174
6182
6194
6200
6205
6214
6216
6228
6237
6240
6244
6250
6256
6265
6275
6276
6286
6288
6302
6308
6309
6310
6321
6323
6329
6338
6345
6350
6353
6364
6373
6374
6379
6380
6385
6387
6396
6408
6412
6424
6430
6436
6440
6442
6480
6484
6486
6494
6495
6496
6497
6502
6509
6510
6514
6515
6516
6533
6535
6540
6545
6547
6556
6560
6572
6574
6576
6586
6592
6593
6595
6596
6603
6610
6615
6623
6626
6630
6650
6656
6658
6661
6677
6682
6685
6688
6691
6695
6699
6706
6712
6716
6730
6731
6734
6743
6747
6751
6753
6755
6756
6768
6770
6782
6784
6788
6792
6795
6796
6798
6813
6819
6829
6830
6836
6840
6842
6847
6848
6864
6869
6870
6875
6876
6881
6895
6920
6929
6932
6936
6952
6955
6958
6973
6976
6979
6989
6990
6991
6992
6997
6999
7014
7017
7019
7033
7035
7048
7052
7068
7082
7085
7094
7095
7107
7109
7112
7114
7125
7127
7130
7133
7141
7160
7168
7174
7175
7177
7189
7193
7194
7195
7215
7223
7229
7236
7243
7246
7248
7249
7256
7258
7259
7264
7266
7277
7294
7296
7309
7313
7319
7330
7333
7334
7339
7354
7358
7360
7369
7372
7373
7376
7380
7383
7390
7392
7432
7433
7435
7450
7457
7459
7461
7467
7468
7481
7483
7512
7515
7523
7526
7528
7529
7533
7535
7547
7549
7559
7574
7585
7592
7611
7614
7616
7649
7652
7657
7658
7659
7660
7671
7679
7683
7687
7689
7692
7694
7698
7703
7708
7716
7719
7720
7721
7724
7740
7742
7751
7754
7756
7757
7760
7800
7805
7812
7818
7821
7824
7825
7834
7839
7847
7853
7858
7860
7864
7872
7890
7897
7899
7905
7907
7916
7918
7921
7930
7939
7942
7943
7952
7959
7966
7977
7990
7995
8008
8009
8014
8017
8034
8044
8047
8049
8051
8052
8054
8056
8060
8076
8089
8090
8094
8098
8115
8116
8117
8118
8130
8144
8148
8159
8161
8194
8195
8196
8203
8219
8220
8221
8226
8228
8229
8230
8232
8242
8260
8266
8268
8276
8279
8280
8282
8285
8290
8291
8292
8293
8297
8298
8311
8312
8318
8320
8331
8338
8352
8353
8361
8362
8365
8371
8391
8398
8406
8410
8416
8424
8425
8428
8431
8432
8437
8439
8445
8453
8456
8457
8458
8460
8465
8480
8491
8496
8497
8514
8518
8521
8522
8525
8551
8553
8557
8565
8566
8572
8575
8579
8580
8581
8583
8589
8591
8603
8606
8617
8619
8629
8635
8641
8642
8646
8653
8657
8661
8666
8679
8681
8682
8693
8695
8699
8713
8717
8721
8732
8740
8744
8746
8776
8788
8789
8797
8798
8806
8808
8811
8818
8837
8842
8853
8857
8864
8876
8877
8883
8887
8892
8898
8903
8913
8915
8923
8928
8932
8940
8944
8945
8953
8960
8961
8967
8969
8970
8981
8985
8989
9001
9002
9003
9009
9014
9020
9022
9025
9061
9072
9092
9095
9097
9104
9117
9122
9124
9131
9136
9139
9141
9153
9161
9171
9177
9178
9183
9188
9190
9191
9195
9197
9205
9206
9210
9218
9222
9225
9232
9233
9235
9238
9241
9250
9252
9259
9265
9269
9270
9281
9291
9301
9305
9309
9315
9321
9328
9332
9340
9355
9357
9369
9374
9377
9403
9407
9414
9419
9420
9429
9430
9436
9452
9455
9457
9461
9471
9472
9475
9497
9507
9511
9528
9534
9537
9539
9544
9560
9561
9562
9566
9568
9571
9573
9577
9581
9584
9590
9608
9615
9617
9618
9624
9630
9650
9652
9656
9657
9661
9664
9667
9675
9690
9698
9708
9709
9712
9722
9729
9730
9731
9734
9739
9747
9749
9751
9757
9758
9770
9777
9778
9779
9785
9787
9791
9792
9817
9824
9845
9849
9853
9855
9862
9865
9870
9871
9876
9877
9880
9894
9917
9926
9934
9940
9949
9957
9969
9972
9973
9974
9975
9977
9978
9980
9982
9984
9987
9991
9992
9993
9997
9998
10003
10006
10012
10017
10031
10052
10060
10065
10073
10075
10082
10087
10091
10093
10094
10103
10105
10106
10110
10114
10123
10134
10138
10140
10152
10156
10157
10164
10174
10182
10184
10185
10189
10192
10195
10196
10203
10227
10228
